0 0.14238 0.665066 0.284508 0.669869 
0 0.337575 0.582072 0.191495 0.511663 
41 0.630758 0.989581 0.0704456 0.0208387 
0 0.627882 0.586492 0.244503 0.453132 
60 0.489762 0.871666 0.942921 0.256668 
0 0.473699 0.542541 0.197025 0.497845 
41 0.433 0.826855 0.0500228 0.164268 
0 0.843663 0.644032 0.207438 0.602717 
41 0.571197 0.91621 0.0552935 0.167581 
41 0.538468 0.832569 0.0494896 0.159442 
41 0.122264 1 0.0777131 0 
45 0.210966 0.968288 0.209844 0.063425 
53 0.800436 1 0.18942 0 
41 0.717112 0.874938 0.0547491 0.147016 
56 0.965812 0.943813 0.066429 0.112374 
45 0.800157 1 0.18803 0 
42 0.815502 1 0.150703 0 
45 0.840368 0.92176 0.178682 0.110514 
41 0.62919 0.88469 0.036813 0.0911523 
45 0.323398 0.891077 0.176857 0.133907 
