0 0.327837 0.715727 0.34182 0.568546 
0 0.671824 0.679785 0.347581 0.640429 
40 0.740223 0.972356 0.0655651 0.0552872 
40 0.309226 0.973684 0.0800849 0.0526311 
0 0.894727 0.727304 0.209753 0.545392 
0 0.0872297 0.959135 0.174041 0.0817306 
58 0.369831 0.207391 0.154017 0.279194 
75 0.419828 0.962144 0.0869102 0.0757113 
41 0.855521 1 0.0838046 0 
60 0.542594 0.956247 0.890716 0.0875068 
58 0.806092 0.699614 0.191377 0.49281 
41 0.955237 1 0.0830006 0 
58 0.760699 0.177726 0.205801 0.292437 
45 0.855152 1 0.0838337 0 
75 0.57722 0.975213 0.122041 0.0495739 
