0 0.885139 0.522895 0.229142 0.95421 
0 0.362992 0.62442 0.201895 0.322733 
0 0.2234 0.718174 0.369219 0.563651 
40 0.437032 0.8133 0.0362871 0.120029 
0 0.696547 0.717665 0.297084 0.56467 
40 0.359412 0.77167 0.0391995 0.104268 
56 0.829739 0.880432 0.173937 0.239135 
39 0.489581 0.695055 0.0340391 0.149191 
45 0.539037 0.792986 0.067717 0.0732983 
56 0.0702514 0.88735 0.139166 0.225301 
60 0.438711 0.849179 0.290055 0.191309 
39 0.490369 0.725813 0.0343765 0.210301 
60 0.438923 0.882387 0.290209 0.235226 
56 0.736165 0.881939 0.372227 0.236122 
56 0.134012 0.884144 0.262135 0.231712 
40 0.413823 0.807863 0.0282411 0.102546 
