0 0.508883 0.516511 0.283067 0.614616 
40 0.44882 0.849578 0.0999525 0.300845 
41 0.774822 0.986741 0.126293 0.0265185 
0 0.822022 0.533621 0.354044 0.59046 
0 0.223173 0.549241 0.444519 0.838511 
41 0.374974 0.970882 0.166465 0.0582361 
40 0.903383 0.786826 0.0775944 0.243046 
40 0.0298466 0.899971 0.0596932 0.200057 
41 0.561828 1 0.160608 0 
41 0.839233 0.823972 0.071766 0.221864 
60 0.499838 0.852033 0.994274 0.295934 
40 0.0978027 0.980022 0.0810617 0.0399559 
40 0.562088 1 0.159422 0 
40 0.985499 0.873915 0.028537 0.25217 
41 0.029837 0.90106 0.0594487 0.197879 
40 0.960504 0.782705 0.0579647 0.195731 
